Overlap matrix:
   1.0000        0        0        0   0.3954   0.4094        0        0   0.4851   0.4851   0.1045   0.1045
        0   1.0000        0        0  -0.4094  -0.3281        0        0   0.2319   0.2319  -0.1193  -0.1193
        0        0   1.0000        0        0        0   0.2373        0   0.4018  -0.4018   0.0601  -0.0601
        0        0        0   1.0000        0        0        0   0.2373        0        0        0        0
   0.3954  -0.4094        0        0   1.0000        0        0        0   0.1045   0.1045   0.4851   0.4851
   0.4094  -0.3281        0        0        0   1.0000        0        0   0.1193   0.1193  -0.2319  -0.2319
        0        0   0.2373        0        0        0   1.0000        0   0.0601  -0.0601   0.4018  -0.4018
        0        0        0   0.2373        0        0        0   1.0000        0        0        0        0
   0.4851   0.2319   0.4018        0   0.1045   0.1193   0.0601        0   1.0000   0.1390   0.0554   0.0149
   0.4851   0.2319  -0.4018        0   0.1045   0.1193  -0.0601        0   0.1390   1.0000   0.0149   0.0554
   0.1045  -0.1193   0.0601        0   0.4851  -0.2319   0.4018        0   0.0554   0.0149   1.0000   0.1390
   0.1045  -0.1193  -0.0601        0   0.4851  -0.2319  -0.4018        0   0.0149   0.0554   0.1390   1.0000
Hamiltonian matrix
  -21.4000         0         0         0  -14.8089  -11.7485         0         0  -14.8569  -14.8569   -3.2014   -3.2014
         0  -11.4000         0         0   11.7485    6.5465         0         0   -5.0729   -5.0729    2.6097    2.6097
         0         0  -11.4000         0         0         0   -4.7345         0   -8.7885    8.7885   -1.3154    1.3154
         0         0         0  -11.4000         0         0         0   -4.7345         0         0         0         0
  -14.8089   11.7485         0         0  -21.4000         0         0         0   -3.2014   -3.2014  -14.8569  -14.8569
  -11.7485    6.5465         0         0         0  -11.4000         0         0   -2.6097   -2.6097    5.0729    5.0729
         0         0   -4.7345         0         0         0  -11.4000         0   -1.3154    1.3154   -8.7885    8.7885
         0         0         0   -4.7345         0         0         0  -11.4000         0         0         0         0
  -14.8569   -5.0729   -8.7885         0   -3.2014   -2.6097   -1.3154         0  -13.6000   -3.3093   -1.3190   -0.3547
  -14.8569   -5.0729    8.7885         0   -3.2014   -2.6097    1.3154         0   -3.3093  -13.6000   -0.3547   -1.3190
   -3.2014    2.6097   -1.3154         0  -14.8569    5.0729   -8.7885         0   -1.3190   -0.3547  -13.6000   -3.3093
   -3.2014    2.6097    1.3154         0  -14.8569    5.0729    8.7885         0   -0.3547   -1.3190   -3.3093  -13.6000
X_mat
   1.4763e+00  -8.2761e-02   2.9311e-16  -8.9293e-17  -3.2686e-01  -3.4116e-01  -6.6790e-17   1.1327e-16  -3.2802e-01  -3.2802e-01  -1.8394e-02  -1.8394e-02
  -8.2761e-02   1.2645e+00   6.4380e-16   7.1533e-17   3.4116e-01   3.1015e-01  -2.0666e-16   3.9415e-18  -1.7446e-01  -1.7446e-01   2.5852e-02   2.5852e-02
   2.9311e-16   6.4380e-16   1.2210e+00   6.5748e-17   9.3215e-16  -3.3526e-16  -1.5062e-01  -1.3089e-16  -3.0473e-01   3.0473e-01   1.9158e-02  -1.9158e-02
  -8.9293e-17   7.1533e-17   6.5748e-17   1.0220e+00   2.9470e-18   1.6558e-16   1.8573e-17  -1.2303e-01  -1.4214e-16  -2.1717e-17   9.9900e-17   8.4511e-17
  -3.2686e-01   3.4116e-01   9.3215e-16   2.9470e-18   1.4763e+00   8.2761e-02  -1.1554e-15  -1.0422e-16  -1.8394e-02  -1.8394e-02  -3.2802e-01  -3.2802e-01
  -3.4116e-01   3.1015e-01  -3.3526e-16   1.6558e-16   8.2761e-02   1.2645e+00   5.0232e-16  -4.2960e-17  -2.5852e-02  -2.5852e-02   1.7446e-01   1.7446e-01
  -6.6790e-17  -2.0666e-16  -1.5062e-01   1.8573e-17  -1.1554e-15   5.0232e-16   1.2210e+00  -1.5817e-16   1.9158e-02  -1.9158e-02  -3.0473e-01   3.0473e-01
   1.1327e-16   3.9415e-18  -1.3089e-16  -1.2303e-01  -1.0422e-16  -4.2960e-17  -1.5817e-16   1.0220e+00   6.5455e-17  -3.1415e-17   8.4782e-17  -4.9872e-17
  -3.2802e-01  -1.7446e-01  -3.0473e-01  -1.4214e-16  -1.8394e-02  -2.5852e-02   1.9158e-02   6.5455e-17   1.2624e+00  -3.5047e-02  -2.0930e-02  -1.5135e-03
  -3.2802e-01  -1.7446e-01   3.0473e-01  -2.1717e-17  -1.8394e-02  -2.5852e-02  -1.9158e-02  -3.1415e-17  -3.5047e-02   1.2624e+00  -1.5135e-03  -2.0930e-02
  -1.8394e-02   2.5852e-02   1.9158e-02   9.9900e-17  -3.2802e-01   1.7446e-01  -3.0473e-01   8.4782e-17  -2.0930e-02  -1.5135e-03   1.2624e+00  -3.5047e-02
  -1.8394e-02   2.5852e-02  -1.9158e-02   8.4511e-17  -3.2802e-01   1.7446e-01   3.0473e-01  -4.9872e-17  -1.5135e-03  -2.0930e-02  -3.5047e-02   1.2624e+00
MO coefficients (C matrix):
   5.0765e-01   4.0457e-01   2.0478e-15   8.8636e-15  -6.5277e-02  -1.3858e-16  -8.4653e-17   2.4807e-16  -1.6750e-01   7.4576e-15   7.4300e-01  -1.2727e+00
  -3.0743e-02   1.7188e-01  -6.3075e-15  -6.2979e-14   5.0903e-01  -4.7387e-16  -2.5000e-16   9.0379e-16  -9.2904e-01   7.8722e-15   5.0085e-01   6.9075e-01
   1.3843e-15   1.3817e-15  -3.6732e-01  -3.8434e-01  -5.0774e-14   2.1794e-16  -2.2618e-16  -7.2078e-01  -3.2092e-15  -9.4758e-01   1.1321e-14   1.1310e-15
  -1.3597e-16  -3.2690e-16   1.9188e-16   4.5790e-16   6.1424e-16   6.3569e-01  -8.0968e-01  -3.5041e-17  -1.0935e-16  -9.6424e-17  -6.7886e-17   7.8212e-17
   5.0765e-01  -4.0457e-01   1.4294e-15   7.0915e-15  -6.5277e-02   9.3399e-17   1.1357e-16  -1.3878e-16   1.6750e-01   6.3699e-15   7.4300e-01   1.2727e+00
   3.0743e-02   1.7188e-01   5.6760e-15   6.2478e-14  -5.0903e-01   6.8284e-16  -3.0855e-16   8.3267e-17  -9.2904e-01  -1.3461e-15  -5.0085e-01   6.9075e-01
   5.8287e-16   5.5511e-16  -3.6732e-01   3.8434e-01   4.3618e-14   4.1387e-17   1.2650e-16  -7.2078e-01   1.9151e-15   9.4758e-01  -1.1130e-14  -1.7625e-15
   2.2980e-16   8.0195e-16   7.3819e-16  -3.5724e-16   8.5332e-16   6.3569e-01   8.0968e-01   3.2276e-17   3.9514e-17   5.4108e-17   7.8030e-17  -1.5011e-16
   9.0151e-02   2.3754e-01  -2.8099e-01  -3.5150e-01   2.1021e-01  -2.0990e-16  -5.9187e-17   6.0842e-01   5.3310e-01   6.0204e-01  -6.1782e-01   3.4336e-01
   9.0151e-02   2.3754e-01   2.8099e-01   3.5150e-01   2.1021e-01  -6.6267e-16   2.8656e-17  -6.0842e-01   5.3310e-01  -6.0204e-01  -6.1782e-01   3.4336e-01
   9.0151e-02  -2.3754e-01  -2.8099e-01   3.5150e-01   2.1021e-01   3.7761e-16   2.9555e-16   6.0842e-01  -5.3310e-01  -6.0204e-01  -6.1782e-01  -3.4336e-01
   9.0151e-02  -2.3754e-01   2.8099e-01  -3.5150e-01   2.1021e-01  -3.3664e-16  -3.8591e-16  -6.0842e-01  -5.3310e-01   6.0204e-01  -6.1782e-01  -3.4336e-01
MO overlap matrix:
   1.0000e+00   1.6515e-15  -6.2450e-16   5.2736e-16  -2.4980e-16  -3.6178e-17   1.8748e-16  -4.9960e-16   6.1062e-16  -6.6613e-16   5.5511e-17  -2.4980e-16
   1.6515e-15   1.0000e+00  -1.1102e-16  -4.7184e-16  -4.5797e-16  -7.5471e-17   3.7664e-16  -1.3323e-15   1.1102e-16   4.4409e-16  -1.1102e-15  -3.3307e-16
  -5.8981e-16  -9.7145e-17   1.0000e+00   2.4980e-16  -1.3045e-15   5.2746e-17   1.5746e-16  -6.6613e-16   4.9960e-16   4.4409e-16   8.3267e-16  -3.0531e-16
   5.8287e-16  -4.5797e-16   1.9429e-16   1.0000e+00  -5.9674e-16   9.4756e-17   7.5712e-18            0   1.6653e-16   5.5511e-16  -1.6653e-16  -4.1633e-16
  -2.1511e-16  -4.7184e-16  -1.2768e-15  -6.1062e-16   1.0000e+00   6.1882e-17   1.5706e-16   5.5511e-17   9.9920e-16            0  -5.5511e-17   5.4123e-16
  -3.6178e-17  -7.5471e-17   5.2746e-17   9.4756e-17   6.1882e-17   1.0000e+00  -2.2204e-16   1.6385e-16  -2.6803e-16  -1.3276e-16  -4.3258e-17  -8.0138e-17
   1.8748e-16   3.7664e-16   1.5746e-16   7.5712e-18   1.5706e-16  -1.6653e-16   1.0000e+00   2.0240e-16   2.9549e-16   7.1813e-17   1.3663e-16  -1.9178e-16
  -5.1348e-16  -1.2837e-15  -7.2858e-16   1.2490e-16   4.1633e-17   1.6385e-16   2.0240e-16   1.0000e+00   1.2490e-16  -3.8858e-16  -8.3267e-17   4.7184e-16
   6.3144e-16   1.2490e-16   4.7184e-16   1.6653e-16   1.1102e-15  -2.6803e-16   2.9549e-16   2.0817e-16   1.0000e+00  -6.8001e-16   1.5127e-15  -1.5057e-15
  -6.9909e-16   4.2327e-16   4.4409e-16   6.2450e-16  -1.3878e-17  -1.3276e-16   7.1813e-17  -4.0246e-16  -7.3552e-16   1.0000e+00  -2.4564e-15  -1.3531e-15
   1.0061e-16  -1.2559e-15   7.2164e-16  -2.2204e-16  -1.5266e-16  -4.3258e-17   1.3663e-16  -1.1102e-16   1.3323e-15  -2.4425e-15   1.0000e+00   4.0246e-16
  -2.0123e-16  -2.3939e-16  -2.7756e-16  -4.7878e-16   4.7878e-16  -8.0138e-17  -1.9178e-16   3.1919e-16  -1.4988e-15  -1.3878e-15   4.1633e-16   1.0000e+00
The molecule in file ../sample_input/C2H4.txt has energy -211.480189
